[49m                                                                [38;2;224;143;20;49m▄[38;2;201;111;20;48;2;184;82;10m▄[38;2;186;115;22;48;2;154;101;19m▄[49m                                 [m
[49m                                                             [38;2;120;45;0;49m▄[38;2;171;109;28;49m▄[38;2;216;170;53;48;2;162;93;11m▄[38;2;222;179;55;48;2;220;140;17m▄[38;2;167;116;26;48;2;210;138;26m▄[38;2;219;165;46;48;2;218;133;20m▄[49m                                 [m
[49m                                                          [38;2;73;18;0;49m▄[38;2;169;65;4;49m▄[38;2;210;108;7;48;2;200;109;0m▄[38;2;223;115;6;48;2;153;55;3m▄[38;2;245;146;25;48;2;212;123;10m▄[38;2;232;172;48;48;2;224;156;21m▄[38;2;204;158;41;48;2;225;163;26m▄[38;2;222;173;49;48;2;222;157;24m▄[38;2;224;168;44;48;2;221;142;16m▄[49m                                 [m
[49m                                                         [38;2;185;69;4;48;2;57;9;0m▄[38;2;192;74;3;48;2;119;40;2m▄[38;2;170;55;3;48;2;212;89;3m▄[38;2;182;66;4;48;2;217;95;4m▄[38;2;154;89;18;48;2;232;111;5m▄[38;2;54;32;8;48;2;209;111;16m▄[38;2;173;97;12;48;2;205;134;26m▄[38;2;245;145;17;48;2;226;169;36m▄[38;2;169;110;24;48;2;228;165;32m▄[38;2;190;124;21;48;2;222;160;34m▄[49m                                 [m
[49m                                                     [38;2;215;148;27;49m▄[38;2;198;119;18;49m▄[38;2;214;153;33;48;2;98;55;4m▄[38;2;221;138;19;48;2;207;110;19m▄[38;2;214;107;14;48;2;222;113;6m▄[38;2;134;52;9;48;2;194;85;6m▄[38;2;45;26;19;48;2;95;19;2m▄[38;2;11;3;2;48;2;123;100;49m▄[38;2;17;1;0;48;2;3;0;0m▄[38;2;49;19;7;48;2;34;16;7m▄[38;2;145;61;9;48;2;173;95;11m▄[38;2;239;121;7;48;2;253;136;8m▄[38;2;227;156;26;48;2;231;161;33m▄[38;2;220;149;26;48;2;221;148;28m▄[49m                                 [m
[49m                                                   [38;2;191;99;13;49m▄[38;2;216;152;25;48;2;155;85;15m▄[38;2;222;164;32;48;2;222;162;39m▄[38;2;224;166;32;48;2;222;164;38m▄[38;2;210;124;19;48;2;229;164;35m▄[38;2;97;57;12;48;2;200;107;11m▄[38;2;39;30;15;48;2;143;81;31m▄[38;2;11;0;0;48;2;43;26;11m▄[38;2;22;2;0;48;2;11;1;0m▄[38;2;72;26;2;48;2;34;7;0m▄[38;2;66;16;1;48;2;53;16;1m▄[38;2;55;17;6;48;2;60;23;7m▄[38;2;106;26;8;48;2;130;44;8m▄[38;2;225;90;2;48;2;237;113;5m▄[38;2;228;140;21;48;2;193;123;17m▄[38;2;227;158;28;48;2;221;151;28m▄[49m                                 [m
[49m                                                [38;2;72;24;0;49m▄[38;2;188;92;9;49m▄[38;2;220;131;18;48;2;198;102;5m▄[38;2;228;156;25;48;2;218;163;40m▄[38;2;229;147;16;48;2;229;171;48m▄[38;2;157;82;19;48;2;236;166;39m▄[38;2;74;53;15;48;2;219;144;26m▄[38;2;9;0;0;48;2;55;36;7m▄[38;2;19;1;0;48;2;22;3;1m▄[38;2;16;1;0;48;2;16;0;0m▄[38;2;51;14;6;48;2;20;2;0m▄[38;2;48;14;5;48;2;39;5;0m▄[38;2;48;7;0;48;2;82;28;3m▄[38;2;69;19;1;48;2;21;1;0m▄[38;2;79;26;5;48;2;53;20;9m▄[38;2;181;92;12;48;2;139;43;11m▄[38;2;223;159;28;48;2;240;132;22m▄[38;2;221;161;29;48;2;231;146;28m▄[38;2;171;117;29;48;2;222;167;40m▄[49m                                 [m
[49m                                              [38;2;103;19;2;49m▄[38;2;125;48;13;48;2;49;3;0m▄[38;2;211;113;18;48;2;137;50;4m▄[38;2;196;108;12;48;2;204;103;10m▄[38;2;184;114;39;48;2;232;138;21m▄[38;2;90;48;15;48;2;219;132;28m▄[38;2;9;4;1;48;2;141;97;12m▄[38;2;28;8;0;48;2;41;33;25m▄[38;2;12;1;0;48;2;6;0;0m▄[38;2;20;2;0;48;2;13;0;0m▄[38;2;105;81;50;48;2;17;0;0m▄[38;2;187;124;22;48;2;53;21;5m▄[38;2;205;128;25;48;2;107;53;22m▄[38;2;81;38;5;48;2;83;34;15m▄[38;2;48;12;0;48;2;63;19;2m▄[38;2;96;38;2;48;2;116;46;3m▄[38;2;134;68;12;48;2;118;55;7m▄[38;2;180;134;41;48;2;176;119;26m▄[38;2;213;173;56;48;2;212;164;46m▄[38;2;221;177;52;48;2;220;170;46m▄[38;2;209;159;47;48;2;193;135;31m▄[49m                                 [m
[49m                                           [38;2;214;115;8;49m▄[38;2;191;121;24;48;2;78;22;0m▄[38;2;222;153;37;48;2;144;32;2m▄[38;2;181;83;9;48;2;184;56;3m▄[38;2;193;119;10;48;2;198;71;4m▄[38;2;72;32;17;48;2;195;83;6m▄[38;2;19;16;13;48;2;101;43;6m▄[38;2;5;0;0;48;2;59;40;10m▄[38;2;39;7;1;48;2;35;4;2m▄[38;2;48;12;0;48;2;28;0;0m▄[38;2;24;14;4;48;2;18;1;0m▄[38;2;130;84;27;48;2;12;0;0m▄[38;2;225;143;25;48;2;134;79;5m▄[38;2;233;144;22;48;2;190;98;17m▄[38;2;224;187;64;48;2;238;141;11m▄[38;2;235;180;53;48;2;247;140;11m▄[38;2;79;52;12;48;2;88;44;3m▄[38;2;10;0;0;48;2;20;2;0m▄[38;2;16;2;0;48;2;27;7;0m▄[38;2;26;16;10;48;2;43;19;4m▄[38;2;168;122;40;48;2;163;107;14m▄[38;2;226;182;60;48;2;223;156;18m▄[38;2;181;142;51;48;2;223;156;17m▄[38;2;178;150;57;48;2;222;148;13m▄[49m                                 [m
[49m                                        [38;2;156;50;0;49m▄[38;2;183;91;7;48;2;128;55;0m▄[38;2;216;147;28;48;2;207;168;61m▄[38;2;222;167;34;48;2;219;142;31m▄[38;2;228;163;33;48;2;224;163;32m▄[38;2;188;120;21;48;2;237;147;20m▄[38;2;89;65;35;48;2;213;124;33m▄[38;2;19;4;3;48;2;101;63;13m▄[38;2;11;2;0;48;2;12;1;0m▄[38;2;11;3;0;48;2;13;2;0m▄[38;2;6;1;0;48;2;10;0;0m▄[38;2;129;63;3;48;2;27;1;0m▄[38;2;198;113;44;48;2;99;60;34m▄[38;2;231;139;13;48;2;186;109;17m▄[38;2;226;142;18;48;2;229;124;16m▄[38;2;211;112;24;48;2;234;144;23m▄[38;2;220;178;58;48;2;224;159;25m▄[38;2;182;99;25;48;2;223;156;24m▄[38;2;202;109;19;48;2;230;150;20m▄[38;2;56;27;4;48;2;68;41;5m▄[38;2;12;1;0;48;2;11;1;0m▄[38;2;33;5;0;48;2;13;1;0m▄[38;2;28;14;6;48;2;26;13;6m▄[38;2;167;90;12;48;2;167;92;12m▄[38;2;251;133;13;48;2;242;141;17m▄[38;2;232;145;21;48;2;218;142;29m▄[38;2;211;89;2;49m▄[49m                                 [m
[49m                                      [38;2;65;22;0;49m▄[38;2;176;41;2;48;2;170;85;0m▄[38;2;220;111;5;48;2;182;108;22m▄[38;2;223;146;7;48;2;214;163;54m▄[38;2;220;137;7;48;2;221;181;63m▄[38;2;176;121;13;48;2;232;179;54m▄[38;2;58;5;0;48;2;205;147;50m▄[38;2;55;5;1;48;2;44;16;1m▄[38;2;54;11;1;48;2;16;2;0m▄[38;2;10;1;0;48;2;29;7;0m▄[38;2;8;5;1;48;2;1;0;0m▄[38;2;64;25;8;48;2;5;3;1m▄[38;2;110;31;3;48;2;60;19;2m▄[38;2;218;109;5;48;2;208;118;16m▄[38;2;159;83;8;48;2;207;148;45m▄[38;2;177;65;3;48;2;219;161;48m▄[38;2;52;9;0;48;2;201;133;31m▄[49;38;2;193;91;9m▀[49m [38;2;122;23;1;48;2;165;80;9m▄[38;2;144;31;3;48;2;183;101;12m▄[38;2;46;10;1;48;2;48;21;4m▄[38;2;9;0;0;48;2;3;0;0m▄[38;2;27;0;0;48;2;21;3;0m▄[38;2;25;13;1;48;2;27;16;11m▄[38;2;173;84;4;48;2;174;110;28m▄[38;2;216;128;9;48;2;246;159;35m▄[38;2;222;147;10;48;2;233;171;49m▄[38;2;222;145;9;48;2;222;152;37m▄[49m                                 [m
[49m                                   [38;2;99;28;7;49m▄[38;2;120;23;3;48;2;128;27;0m▄[38;2;164;47;3;48;2;109;24;2m▄[38;2;204;84;5;48;2;192;79;4m▄[38;2;192;71;9;48;2;209;83;5m▄[38;2;175;98;41;48;2;233;135;24m▄[38;2;56;24;1;48;2;202;142;39m▄[38;2;24;3;0;48;2;88;69;38m▄[38;2;86;27;2;48;2;67;17;1m▄[38;2;70;15;1;48;2;102;33;2m▄[38;2;23;5;1;48;2;53;16;1m▄[38;2;113;77;16;48;2;25;8;0m▄[38;2;201;116;17;48;2;69;31;1m▄[38;2;165;68;12;48;2;158;53;6m▄[38;2;174;106;25;48;2;82;22;3m▄[38;2;106;53;10;48;2;99;32;5m▄[49;38;2;214;152;48m▀[49;38;2;150;71;14m▀[49m    [38;2;162;77;13;48;2;110;35;2m▄[38;2;201;108;20;48;2;163;71;10m▄[38;2;61;30;5;48;2;51;19;5m▄[38;2;4;0;0;48;2;6;0;0m▄[38;2;11;0;0;48;2;15;1;0m▄[38;2;28;15;7;48;2;33;16;9m▄[38;2;169;108;28;48;2;175;106;24m▄[38;2;226;171;41;48;2;233;174;43m▄[38;2;223;170;42;48;2;222;181;57m▄[38;2;222;165;37;48;2;222;175;51m▄[49m                                 [m
[49m                                 [38;2;50;8;0;49m▄[38;2;130;43;4;48;2;84;24;3m▄[38;2;153;53;5;48;2;120;18;2m▄[38;2;124;42;3;48;2;114;18;1m▄[38;2;58;31;21;48;2;87;20;1m▄[38;2;28;18;12;48;2;76;20;2m▄[38;2;35;8;0;48;2;106;67;13m▄[38;2;24;4;0;48;2;40;24;18m▄[38;2;20;3;0;48;2;19;0;0m▄[38;2;48;19;1;48;2;10;1;0m▄[38;2;31;16;5;48;2;76;9;1m▄[38;2;231;159;42;48;2;34;5;0m▄[38;2;227;184;61;48;2;162;83;5m▄[38;2;222;198;83;48;2;221;138;11m▄[38;2;222;194;77;48;2;218;145;9m▄[38;2;177;139;48;48;2;202;110;10m▄[49;38;2;152;77;15m▀[49;38;2;80;35;10m▀[49m      [38;2;123;54;5;48;2;158;64;8m▄[38;2;170;88;15;48;2;202;94;11m▄[38;2;47;22;5;48;2;63;23;3m▄[38;2;1;0;0;48;2;3;0;0m▄[38;2;9;0;0;48;2;12;0;0m▄[38;2;26;16;13;48;2;23;14;3m▄[38;2;155;141;65;48;2;162;107;16m▄[38;2;222;202;85;48;2;224;159;22m▄[38;2;222;200;83;48;2;222;156;23m▄[38;2;222;194;76;48;2;222;151;17m▄[49m                                 [m
[49m                              [38;2;97;15;3;49m▄[38;2;119;31;4;48;2;54;15;0m▄[38;2;125;27;2;48;2;88;13;2m▄[38;2;119;27;3;48;2;137;25;2m▄[38;2;126;33;3;48;2;159;32;2m▄[38;2;77;28;13;48;2;91;14;4m▄[38;2;63;41;27;48;2;112;52;15m▄[38;2;35;8;0;48;2;74;33;2m▄[38;2;26;6;0;48;2;48;12;0m▄[38;2;29;3;0;48;2;28;2;0m▄[38;2;37;14;4;48;2;21;2;0m▄[38;2;154;96;39;48;2;34;19;13m▄[38;2;222;138;30;48;2;108;67;11m▄[38;2;220;144;31;48;2;200;132;34m▄[38;2;223;163;38;48;2;235;125;15m▄[38;2;220;181;57;48;2;223;159;22m▄[38;2;193;160;52;48;2;218;148;15m▄[49;38;2;176;90;5m▀[49m         [38;2;206;115;15;48;2;203;98;8m▄[38;2;187;83;12;48;2;186;82;7m▄[38;2;46;14;3;48;2;44;14;2m▄[38;2;0;0;0;48;2;3;0;0m▄[38;2;8;0;0;48;2;17;0;0m▄[38;2;25;15;8;48;2;34;14;4m▄[38;2;173;111;26;48;2;165;106;16m▄[38;2;226;175;48;48;2;224;161;22m▄[38;2;222;178;51;48;2;222;161;23m▄[38;2;222;170;44;48;2;222;155;21m▄[49m                                 [m
[49m                           [38;2;23;0;0;49m▄[38;2;153;70;6;49m▄[38;2;178;74;7;48;2;164;75;5m▄[38;2;185;87;6;48;2;153;66;7m▄[38;2;186;92;8;48;2;170;80;9m▄[38;2;153;83;26;48;2;164;64;6m▄[38;2;56;43;18;48;2;142;77;36m▄[38;2;23;0;0;48;2;39;11;4m▄[38;2;45;9;0;48;2;27;8;3m▄[38;2;68;23;2;48;2;30;6;0m▄[38;2;23;0;0;48;2;14;1;0m▄[38;2;110;80;18;48;2;11;0;0m▄[38;2;97;12;3;48;2;50;32;23m▄[38;2;140;35;3;48;2;110;47;8m▄[38;2;144;36;2;48;2;156;68;9m▄[38;2;148;36;3;48;2;177;93;8m▄[38;2;118;48;6;48;2;214;121;15m▄[49;38;2;209;135;18m▀[49;38;2;219;152;18m▀[49m           [38;2;165;71;6;48;2;184;85;8m▄[38;2;218;126;12;48;2;215;117;17m▄[38;2;65;34;2;48;2;64;34;4m▄[48;2;0;0;0m [38;2;11;0;0;48;2;12;0;0m▄[38;2;27;14;6;48;2;29;16;8m▄[38;2;174;103;11;48;2;172;104;18m▄[38;2;235;156;24;48;2;233;167;40m▄[38;2;222;162;27;48;2;222;176;51m▄[38;2;222;161;26;48;2;222;170;44m▄[49m                                 [m
[49m                         [38;2;184;101;8;49m▄[38;2;228;133;10;48;2;194;95;9m▄[38;2;235;146;15;48;2;170;92;13m▄[38;2;213;124;11;48;2;219;141;21m▄[38;2;189;112;27;48;2;183;88;9m▄[38;2;102;47;8;48;2;194;102;10m▄[38;2;29;4;1;48;2;100;37;6m▄[38;2;22;2;0;48;2;35;19;7m▄[38;2;40;8;0;48;2;23;4;0m▄[38;2;39;7;1;48;2;64;26;2m▄[38;2;85;49;21;48;2;28;5;0m▄[38;2;158;88;11;48;2;44;17;3m▄[38;2;236;147;24;48;2;151;101;29m▄[38;2;206;139;28;48;2;230;141;20m▄[38;2;231;156;34;48;2;240;130;12m▄[38;2;232;139;24;48;2;234;132;16m▄[38;2;225;105;8;48;2;195;80;2m▄[38;2;216;123;17;48;2;160;70;2m▄[38;2;226;166;35;48;2;231;160;30m▄[38;2;223;164;32;48;2;225;160;24m▄[38;2;206;136;26;48;2;197;116;12m▄[38;2;196;109;19;48;2;181;74;6m▄[38;2;181;110;22;48;2;140;66;8m▄[38;2;200;120;22;48;2;191;93;12m▄[38;2;206;118;20;48;2;190;83;6m▄[38;2;200;119;20;48;2;184;89;6m▄[38;2;188;107;19;48;2;168;70;6m▄[38;2;190;112;23;48;2;170;73;6m▄[38;2;209;135;22;48;2;197;116;12m▄[38;2;203;120;20;48;2;193;96;6m▄[38;2;200;112;22;48;2;185;75;6m▄[38;2;205;112;15;48;2;191;93;6m▄[38;2;213;92;5;48;2;212;107;9m▄[38;2;138;51;4;48;2;184;92;11m▄[38;2;20;6;2;48;2;37;13;3m▄[38;2;7;0;0;48;2;2;0;0m▄[38;2;21;4;0;48;2;9;1;0m▄[38;2;29;14;6;48;2;25;15;7m▄[38;2;149;75;10;48;2;134;76;11m▄[38;2;240;137;17;48;2;232;153;29m▄[38;2;222;166;35;48;2;222;176;47m▄[38;2;222;162;30;48;2;222;171;41m▄[49m                                 [m
[49m                      [38;2;114;40;0;49m▄[38;2;138;56;4;48;2;56;12;0m▄[38;2;192;104;8;48;2;137;61;5m▄[38;2;240;150;12;48;2;202;113;8m▄[38;2;223;140;13;48;2;242;162;16m▄[38;2;159;93;18;48;2;219;135;12m▄[38;2;50;16;4;48;2;157;94;26m▄[38;2;33;8;1;48;2;84;59;27m▄[38;2;63;14;1;48;2;22;2;0m▄[38;2;71;15;1;48;2;62;9;1m▄[38;2;28;3;0;48;2;37;7;0m▄[38;2;139;80;9;48;2;32;4;0m▄[38;2;224;125;17;48;2;125;89;41m▄[38;2;219;143;20;48;2;187;104;23m▄[38;2;231;153;23;48;2;233;143;19m▄[38;2;231;147;17;48;2;233;160;31m▄[38;2;233;148;20;48;2;224;160;39m▄[38;2;225;138;22;48;2;227;164;39m▄[38;2;233;112;8;48;2;228;143;27m▄[38;2;241;139;11;48;2;238;149;26m▄[38;2;224;165;32;48;2;212;152;36m▄[38;2;218;157;30;48;2;222;173;45m▄[38;2;229;164;32;48;2;222;173;45m▄[38;2;240;149;19;48;2;208;157;41m▄[38;2;238;144;17;48;2;216;157;39m▄[38;2;245;142;14;48;2;228;161;37m▄[38;2;241;151;21;48;2;220;167;40m▄[38;2;235;152;24;48;2;223;164;39m▄[38;2;245;148;18;48;2;232;160;33m▄[38;2;247;148;19;48;2;228;161;35m▄[38;2;248;145;16;48;2;225;164;41m▄[38;2;241;141;18;48;2;228;158;34m▄[38;2;244;150;22;48;2;231;155;32m▄[38;2;248;149;15;48;2;223;169;39m▄[38;2;235;120;6;48;2;229;130;18m▄[38;2;182;65;5;48;2;183;60;4m▄[38;2;173;63;8;48;2;135;35;5m▄[38;2;46;15;3;48;2;38;10;2m▄[38;2;10;0;0;48;2;2;0;0m▄[38;2;6;0;0;48;2;14;2;0m▄[38;2;29;15;6;48;2;46;20;7m▄[38;2;82;32;8;48;2;140;68;11m▄[38;2;128;60;4;48;2;207;101;11m▄[38;2;171;78;7;48;2;237;155;30m▄[38;2;231;140;13;48;2;224;168;37m▄[38;2;170;122;27;49m▄[38;2;159;117;27;49m▄[38;2;97;49;6;49m▄[38;2;46;17;0;49m▄[38;2;85;42;6;49m▄[38;2;91;42;6;49m▄[38;2;116;78;17;49m▄[38;2;40;11;0;49m▄[38;2;122;75;12;49m▄[38;2;165;117;27;49m▄[49m     [38;2;35;12;0;49m▄[38;2;152;103;24;49m▄[49m                [m
[49m                   [38;2;107;40;7;49m▄[38;2;159;79;8;49m▄[38;2;200;104;7;48;2;154;77;6m▄[38;2;246;147;9;48;2;225;135;11m▄[38;2;251;159;14;48;2;213;131;16m▄[38;2;196;109;10;48;2;233;151;16m▄[38;2;88;57;9;48;2;204;122;10m▄[38;2;47;11;1;48;2;163;110;54m▄[38;2;37;4;0;48;2;27;3;0m▄[38;2;47;12;1;48;2;42;8;0m▄[38;2;76;23;2;48;2;99;39;4m▄[38;2;48;23;16;48;2;72;27;2m▄[38;2;146;99;38;48;2;65;30;10m▄[38;2;160;84;20;48;2;145;85;18m▄[38;2;160;83;18;48;2;218;120;10m▄[38;2;173;97;19;48;2;225;143;21m▄[38;2;171;92;18;48;2;231;157;28m▄[38;2;158;82;19;48;2;229;139;19m▄[38;2;123;50;11;48;2;232;129;13m▄[38;2;87;52;12;48;2;234;140;19m▄[38;2;37;10;1;48;2;181;145;64m▄[38;2;30;4;0;48;2;157;131;67m▄[38;2;15;1;0;48;2;155;131;67m▄[38;2;14;0;0;48;2;154;131;71m▄[38;2;23;4;0;48;2;156;133;69m▄[38;2;46;3;0;48;2;159;131;66m▄[38;2;31;3;0;48;2;153;128;65m▄[38;2;14;0;0;48;2;147;121;65m▄[38;2;18;1;0;48;2;148;122;62m▄[38;2;21;1;0;48;2;150;124;63m▄[38;2;39;4;0;48;2;156;130;69m▄[38;2;37;4;0;48;2;157;131;69m▄[38;2;43;9;1;48;2;157;131;68m▄[38;2;29;7;0;48;2;151;124;66m▄[38;2;33;3;0;48;2;156;130;65m▄[38;2;12;1;0;48;2;145;121;62m▄[38;2;8;1;0;48;2;139;115;63m▄[38;2;18;9;5;48;2;130;110;65m▄[38;2;54;25;5;48;2;141;118;66m▄[38;2;72;26;5;48;2;110;73;40m▄[38;2;13;5;2;48;2;22;6;3m▄[38;2;2;0;0;48;2;3;0;0m▄[38;2;13;1;0;48;2;12;0;0m▄[38;2;26;15;7;48;2;27;15;8m▄[38;2;66;22;8;48;2;85;46;11m▄[38;2;85;19;1;48;2;100;35;2m▄[38;2;104;18;1;48;2;155;73;6m▄[38;2;171;84;7;48;2;178;103;18m▄[38;2;223;150;25;48;2;225;176;49m▄[38;2;223;170;38;48;2;223;169;45m▄[38;2;222;169;39;48;2;221;159;38m▄[38;2;225;165;33;48;2;220;167;47m▄[38;2;227;162;32;48;2;218;164;49m▄[38;2;229;159;27;48;2;217;161;45m▄[38;2;224;167;37;48;2;222;170;50m▄[38;2;224;167;35;48;2;221;169;50m▄[38;2;228;165;33;48;2;220;171;47m▄[38;2;229;159;27;48;2;222;176;49m▄[38;2;163;94;13;48;2;193;145;40m▄[38;2;244;163;36;49m▄[38;2;195;153;49;49m▄[38;2;213;165;42;48;2;159;110;21m▄[38;2;213;152;28;48;2;196;131;20m▄[38;2;222;166;36;48;2;221;167;44m▄[38;2;181;135;42;48;2;212;160;39m▄[38;2;171;100;21;48;2;167;98;20m▄[49m               [m
[49m                 [38;2;146;73;7;49m▄[38;2;234;161;36;48;2;218;100;6m▄[38;2;239;147;28;48;2;188;81;5m▄[38;2;249;166;22;48;2;214;111;7m▄[38;2;254;188;19;48;2;226;123;7m▄[38;2;151;123;73;48;2;249;157;15m▄[38;2;59;34;6;48;2;198;140;25m▄[38;2;115;68;16;48;2;113;61;9m▄[38;2;102;53;6;48;2;41;8;1m▄[38;2;89;42;4;48;2;83;35;3m▄[38;2;77;32;2;48;2;83;30;2m▄[38;2;49;10;0;48;2;61;17;1m▄[38;2;82;42;4;48;2;59;21;2m▄[38;2;49;15;1;48;2;51;22;18m▄[38;2;55;13;1;48;2;74;31;20m▄[38;2;17;2;0;48;2;35;22;19m▄[38;2;38;7;0;48;2;34;21;18m▄[38;2;70;26;1;48;2;54;26;18m▄[38;2;26;7;1;48;2;39;23;18m▄[38;2;26;6;0;48;2;37;23;19m▄[38;2;22;2;0;48;2;27;10;9m▄[38;2;21;3;0;48;2;31;5;0m▄[38;2;98;58;4;48;2;80;28;3m▄[38;2;44;20;1;48;2;46;14;1m▄[38;2;22;4;0;48;2;13;1;0m▄[38;2;42;12;1;48;2;11;0;0m▄[38;2;81;33;2;48;2;25;2;0m▄[38;2;56;11;1;48;2;45;3;0m▄[38;2;45;10;1;48;2;33;3;0m▄[38;2;20;3;0;48;2;13;0;0m▄[38;2;40;12;1;48;2;21;1;0m▄[38;2;77;26;2;48;2;55;13;1m▄[38;2;110;62;18;48;2;73;15;1m▄[38;2;167;121;52;48;2;47;7;0m▄[38;2;172;117;59;48;2;68;18;1m▄[38;2;163;111;61;48;2;58;10;0m▄[38;2;121;81;59;48;2;26;3;0m▄[38;2;144;104;63;48;2;18;1;0m▄[38;2;99;45;19;48;2;53;32;9m▄[38;2;121;30;3;48;2;85;20;7m▄[38;2;93;35;15;48;2;105;27;4m▄[38;2;92;59;36;48;2;67;15;3m▄[38;2;33;10;3;48;2;16;6;2m▄[38;2;1;0;0;48;2;2;0;0m▄[38;2;6;0;0;48;2;9;1;0m▄[38;2;16;5;0;48;2;28;14;5m▄[38;2;13;3;0;48;2;47;21;6m▄[38;2;7;1;0;48;2;42;7;0m▄[38;2;5;1;0;48;2;31;3;0m▄[38;2;11;3;0;48;2;80;30;2m▄[38;2;34;14;1;48;2;199;103;15m▄[38;2;44;22;1;48;2;235;149;29m▄[38;2;44;24;2;48;2;239;158;36m▄[38;2;44;25;2;48;2;239;158;30m▄[38;2;50;20;1;48;2;237;142;25m▄[38;2;46;13;0;48;2;215;110;17m▄[38;2;49;20;0;48;2;233;143;28m▄[38;2;42;21;1;48;2;235;148;27m▄[38;2;46;22;1;48;2;245;145;23m▄[38;2;41;18;1;48;2;230;129;18m▄[38;2;40;17;1;48;2;220;102;7m▄[38;2;44;21;0;48;2;249;136;16m▄[38;2;40;21;1;48;2;232;148;30m▄[38;2;132;105;32;48;2;217;165;37m▄[38;2;221;185;63;48;2;199;143;27m▄[38;2;222;184;59;48;2;222;169;32m▄[38;2;222;185;60;48;2;220;164;31m▄[38;2;222;185;64;48;2;206;134;25m▄[38;2;223;184;64;48;2;231;146;12m▄[38;2;223;188;65;48;2;231;160;18m▄[38;2;223;183;63;48;2;225;148;18m▄[38;2;216;171;56;48;2;174;81;6m▄[38;2;208;168;54;48;2;139;70;6m▄[38;2;199;156;49;48;2;80;32;0m▄[38;2;221;181;63;48;2;213;125;12m▄[38;2;217;174;59;48;2;189;90;0m▄[38;2;224;181;62;48;2;206;97;0m▄[38;2;215;174;61;48;2;225;142;12m▄[38;2;226;189;68;48;2;231;160;18m▄[38;2;209;167;57;48;2;170;106;11m▄[38;2;206;163;53;48;2;202;96;0m▄[38;2;201;140;37;48;2;139;70;0m▄[38;2;147;85;15;48;2;41;7;0m▄[m
[49m              [38;2;201;107;7;49m▄[38;2;239;139;12;49m▄[38;2;245;147;23;48;2;224;126;9m▄[38;2;236;148;24;48;2;234;128;14m▄[38;2;243;165;21;48;2;245;125;5m▄[38;2;211;166;35;48;2;250;137;8m▄[38;2;75;46;14;48;2;242;142;9m▄[38;2;91;46;5;48;2;78;37;3m▄[38;2;118;74;8;48;2;79;27;2m▄[38;2;99;52;4;48;2;75;14;1m▄[38;2;139;91;24;48;2;138;65;6m▄[38;2;121;67;9;48;2;118;47;4m▄[38;2;217;151;37;48;2;142;58;7m▄[38;2;218;135;9;48;2;79;29;3m▄[38;2;211;126;9;48;2;31;10;1m▄[38;2;204;118;10;48;2;64;10;1m▄[38;2;176;95;8;48;2;88;24;2m▄[38;2;192;109;10;48;2;54;9;1m▄[38;2;211;123;10;48;2;29;8;1m▄[38;2;227;139;9;48;2;39;9;1m▄[38;2;243;138;11;48;2;50;10;1m▄[38;2;244;151;25;48;2;72;16;3m▄[38;2;247;156;21;48;2;33;12;2m▄[38;2;244;155;12;48;2;23;10;1m▄[38;2;247;161;15;48;2;19;10;1m▄[38;2;254;174;19;48;2;51;14;1m▄[38;2;236;150;22;48;2;28;9;2m▄[38;2;212;134;10;48;2;27;8;1m▄[38;2;220;147;9;48;2;40;9;1m▄[38;2;184;97;7;48;2;55;7;0m▄[38;2;243;153;14;48;2;28;10;1m▄[38;2;248;159;15;48;2;23;10;1m▄[38;2;247;153;18;48;2;37;10;1m▄[38;2;244;147;20;48;2;41;9;2m▄[38;2;248;156;27;48;2;71;28;5m▄[38;2;242;146;28;48;2;213;129;17m▄[38;2;214;127;25;48;2;250;129;7m▄[38;2;213;129;31;48;2;251;127;6m▄[38;2;186;98;10;48;2;228;101;3m▄[38;2;191;114;12;48;2;229;109;6m▄[38;2;143;66;6;48;2;218;101;5m▄[38;2;75;17;1;48;2;126;30;2m▄[38;2;148;114;63;48;2;142;35;7m▄[38;2;25;3;0;48;2;34;24;4m▄[38;2;22;1;0;48;2;48;8;1m▄[38;2;28;2;0;48;2;33;6;1m▄[38;2;18;0;0;48;2;8;0;0m▄[38;2;11;4;1;48;2;9;0;0m▄[38;2;12;4;1;48;2;7;0;0m▄[38;2;19;3;0;48;2;7;0;0m▄[38;2;12;4;2;48;2;1;0;0m▄[38;2;66;14;1;48;2;3;1;0m▄[38;2;93;29;2;48;2;5;2;0m▄[38;2;154;68;5;48;2;8;4;0m▄[38;2;190;115;11;48;2;10;7;1m▄[38;2;242;172;40;48;2;14;11;3m▄[38;2;231;179;48;48;2;20;11;4m▄[38;2;242;170;40;48;2;37;10;3m▄[38;2;245;170;37;48;2;30;11;3m▄[38;2;236;159;21;48;2;18;10;2m▄[38;2;234;150;17;48;2;20;9;1m▄[38;2;242;168;25;48;2;33;10;2m▄[38;2;220;153;24;48;2;23;7;1m▄[38;2;227;142;9;48;2;14;8;1m▄[38;2;59;45;26;48;2;3;3;2m▄[38;2;2;0;0;48;2;1;0;0m▄[38;2;125;80;16;48;2;130;67;4m▄[38;2;237;167;45;48;2;234;147;14m▄[38;2;234;172;53;48;2;186;120;16m▄[38;2;223;171;55;48;2;218;150;14m▄[38;2;219;159;47;48;2;192;123;17m▄[38;2;204;127;27;48;2;210;143;15m▄[38;2;224;167;50;48;2;221;153;14m▄[38;2;222;177;60;48;2;222;154;16m▄[38;2;210;156;44;48;2;221;151;14m▄[38;2;220;164;50;48;2;222;152;15m▄[38;2;215;165;48;48;2;221;153;15m▄[38;2;213;183;69;48;2;220;152;16m▄[38;2;216;172;57;48;2;206;137;14m▄[38;2;225;183;57;48;2;206;145;19m▄[38;2;221;186;68;48;2;203;138;17m▄[38;2;215;177;60;48;2;221;151;16m▄[38;2;212;167;57;48;2;223;151;14m▄[38;2;182;134;36;48;2;222;142;9m▄[49;38;2;215;136;10m▀[49m [m
[49m            [38;2;220;120;8;49m▄[38;2;230;132;8;48;2;201;143;23m▄[38;2;234;128;12;48;2;219;145;32m▄[38;2;243;132;12;48;2;239;137;20m▄[38;2;246;152;15;48;2;252;147;17m▄[38;2;58;24;2;48;2;219;114;8m▄[38;2;47;13;9;48;2;136;87;25m▄[38;2;54;10;1;48;2;79;46;6m▄[38;2;93;26;3;48;2;68;32;3m▄[38;2;77;14;1;48;2;106;38;3m▄[38;2;113;48;5;48;2;119;67;7m▄[38;2;193;108;21;48;2;132;86;33m▄[38;2;120;45;13;48;2;128;81;30m▄[38;2;102;39;4;48;2;139;78;8m▄[38;2;116;53;5;48;2;145;82;7m▄[38;2;110;44;4;48;2;151;83;6m▄[38;2;101;41;3;48;2;137;70;6m▄[38;2;74;25;2;48;2;122;57;4m▄[38;2;43;3;0;48;2;97;38;3m▄[38;2;54;11;1;48;2;121;51;2m▄[38;2;17;1;0;48;2;118;53;2m▄[38;2;31;3;0;48;2;117;56;3m▄[38;2;52;5;0;48;2;138;59;1m▄[38;2;16;7;4;48;2;134;70;10m▄[38;2;124;73;19;48;2;240;154;42m▄[38;2;124;72;11;48;2;190;108;21m▄[38;2;20;6;2;48;2;125;66;6m▄[38;2;50;5;0;48;2;139;65;2m▄[38;2;23;1;0;48;2;128;67;3m▄[38;2;19;1;0;48;2;124;67;3m▄[38;2;33;2;0;48;2;128;70;4m▄[38;2;75;23;2;48;2;136;68;3m▄[38;2;69;13;1;48;2;150;72;3m▄[38;2;39;9;0;48;2;145;72;3m▄[38;2;21;10;8;48;2;145;80;19m▄[38;2;184;122;10;48;2;230;130;10m▄[38;2;177;89;12;48;2;234;148;21m▄[38;2;34;20;15;48;2;158;90;35m▄[38;2;13;0;0;48;2;61;15;1m▄[38;2;15;0;0;48;2;71;18;1m▄[38;2;16;0;0;48;2;53;9;1m▄[38;2;21;0;0;48;2;56;9;1m▄[38;2;15;0;0;48;2;52;10;1m▄[38;2;40;4;0;48;2;78;19;2m▄[38;2;58;10;1;48;2;94;50;6m▄[38;2;38;8;0;48;2;40;9;0m▄[38;2;57;6;0;48;2;42;9;0m▄[38;2;71;31;7;48;2;59;21;10m▄[38;2;8;4;1;48;2;14;3;1m▄[38;2;10;0;0;48;2;12;6;2m▄[38;2;5;0;0;48;2;13;5;2m▄[38;2;5;0;0;48;2;24;4;1m▄[38;2;0;0;0;48;2;15;6;2m▄[38;2;0;0;0;48;2;48;8;1m▄[38;2;0;0;0;48;2;50;11;1m▄[38;2;0;0;0;48;2;83;32;3m▄[38;2;8;8;6;48;2;123;74;18m▄[38;2;212;144;8;48;2;232;155;13m▄[38;2;89;69;21;48;2;153;115;39m▄[38;2;7;3;1;48;2;111;72;6m▄[38;2;169;96;14;48;2;193;139;30m▄[38;2;237;145;21;48;2;231;170;37m▄[38;2;222;162;23;48;2;232;168;46m▄[38;2;222;161;24;48;2;225;176;50m▄[38;2;224;161;22;48;2;224;177;49m▄[38;2;234;143;19;48;2;239;162;38m▄[38;2;47;33;15;48;2;48;34;15m▄[48;2;0;0;0m [38;2;61;34;2;48;2;72;28;2m▄[38;2;44;22;5;48;2;138;70;11m▄[38;2;25;0;0;48;2;117;55;2m▄[38;2;14;0;0;48;2;103;51;2m▄[38;2;14;0;0;48;2;119;59;2m▄[38;2;34;4;0;48;2;128;63;4m▄[38;2;48;6;0;48;2;140;73;4m▄[38;2;34;2;0;48;2;114;67;6m▄[38;2;27;6;1;48;2;141;82;6m▄[38;2;25;4;0;48;2;133;72;7m▄[38;2;131;93;13;48;2;117;69;6m▄[38;2;171;115;44;48;2;194;161;90m▄[38;2;206;143;16;48;2;202;146;32m▄[38;2;207;145;31;48;2;218;167;39m▄[38;2;220;134;14;48;2;191;144;38m▄[38;2;196;123;20;48;2;193;120;17m▄[49;38;2;185;93;5m▀[49m   [m
[49m         [38;2;211;158;47;49m▄[38;2;215;149;26;48;2;137;98;20m▄[38;2;219;148;18;48;2;219;177;59m▄[38;2;232;145;15;48;2;231;191;68m▄[38;2;244;139;16;48;2;236;188;61m▄[38;2;150;81;5;48;2;251;181;40m▄[38;2;33;22;2;48;2;232;192;89m▄[38;2;18;3;0;48;2;66;45;26m▄[38;2;24;5;0;48;2;24;2;0m▄[38;2;94;31;2;48;2;74;42;4m▄[38;2;93;37;13;48;2;55;27;2m▄[38;2;162;111;16;48;2;84;50;5m▄[38;2;238;142;14;48;2;78;51;29m▄[38;2;206;93;9;48;2;221;161;16m▄[38;2;222;104;6;48;2;233;165;13m▄[38;2;122;41;3;48;2;132;76;5m▄[38;2;50;9;1;48;2;63;31;3m▄[38;2;160;110;26;48;2;157;141;103m▄[38;2;239;142;12;48;2;236;170;16m▄[38;2;238;139;14;48;2;215;152;12m▄[38;2;116;52;6;48;2;115;76;14m▄[38;2;45;13;2;48;2;71;47;6m▄[38;2;110;43;6;48;2;113;64;7m▄[38;2;234;147;21;48;2;237;161;24m▄[38;2;238;143;20;48;2;247;170;23m▄[38;2;251;172;36;48;2;144;111;58m▄[38;2;17;0;0;48;2;9;0;0m▄[38;2;60;19;4;48;2;105;80;18m▄[38;2;195;110;25;48;2;250;181;26m▄[38;2;167;91;9;48;2;254;167;32m▄[38;2;164;93;7;48;2;249;190;18m▄[38;2;150;81;6;48;2;220;162;13m▄[38;2;144;79;7;48;2;211;154;12m▄[38;2;165;94;6;48;2;228;171;14m▄[38;2;138;87;5;48;2;255;206;18m▄[38;2;111;58;4;48;2;175;123;20m▄[38;2;59;29;2;48;2;92;60;27m▄[38;2;16;1;0;48;2;12;1;0m▄[38;2;84;56;16;48;2;92;84;69m▄[38;2;116;81;22;48;2;118;103;77m▄[38;2;8;0;0;48;2;20;4;0m▄[38;2;129;65;9;48;2;106;88;65m▄[38;2;237;125;16;48;2;161;104;26m▄[38;2;245;139;20;48;2;151;83;3m▄[38;2;238;147;21;48;2;192;117;12m▄[38;2;230;153;21;48;2;212;138;13m▄[38;2;225;123;16;48;2;188;108;9m▄[38;2;169;111;27;48;2;173;150;94m▄[38;2;19;2;0;48;2;28;6;0m▄[38;2;24;0;0;48;2;17;2;0m▄[38;2;5;0;0;48;2;7;0;0m▄[38;2;9;0;0;48;2;8;0;0m▄[38;2;101;65;5;48;2;65;58;45m▄[38;2;77;19;2;48;2;49;14;1m▄[38;2;126;40;5;48;2;125;56;10m▄[38;2;143;55;5;48;2;177;122;26m▄[38;2;161;77;7;48;2;100;26;2m▄[38;2;121;50;5;48;2;133;78;29m▄[38;2;37;7;1;48;2;69;51;39m▄[38;2;1;0;0;48;2;0;0;0m▄[38;2;121;90;28;48;2;135;124;100m▄[38;2;93;75;25;48;2;92;84;71m▄[38;2;15;4;1;48;2;12;3;3m▄[38;2;158;109;11;48;2;164;130;47m▄[38;2;222;159;18;48;2;228;200;81m▄[38;2;225;158;18;48;2;223;202;85m▄[38;2;233;151;22;48;2;224;201;84m▄[38;2;229;154;20;48;2;221;197;80m▄[38;2;247;132;14;48;2;243;173;40m▄[38;2;50;38;18;48;2;47;37;23m▄[38;2;5;1;0;48;2;0;0;0m▄[38;2;75;50;11;48;2;66;60;49m▄[38;2;72;36;6;48;2;59;36;24m▄[38;2;26;3;0;48;2;11;1;0m▄[38;2;15;1;0;48;2;80;20;1m▄[38;2;51;10;1;48;2;115;44;3m▄[38;2;88;17;1;48;2;152;90;7m▄[38;2;145;45;2;48;2;134;87;7m▄[38;2;161;70;4;48;2;237;169;18m▄[38;2;186;87;2;48;2;249;164;27m▄[38;2;170;81;2;48;2;225;161;42m▄[38;2;202;135;24;48;2;203;179;74m▄[38;2;214;149;28;48;2;189;158;61m▄[38;2;188;128;15;48;2;202;172;67m▄[38;2;218;141;4;48;2;215;189;77m▄[38;2;215;136;4;48;2;225;198;80m▄[49m     [m
[49m      [38;2;149;64;0;49m▄[38;2;186;146;50;49m▄[38;2;220;172;57;48;2;219;114;7m▄[38;2;226;174;54;48;2;223;154;32m▄[38;2;217;155;37;48;2;226;166;43m▄[38;2;183;136;56;48;2;229;161;40m▄[38;2;87;55;11;48;2;235;169;32m▄[38;2;21;4;0;48;2;129;86;26m▄[38;2;18;5;0;48;2;9;2;2m▄[38;2;6;0;0;48;2;2;0;0m▄[38;2;27;5;0;48;2;34;7;0m▄[38;2;84;69;56;48;2;47;11;1m▄[38;2;145;95;24;48;2;73;35;3m▄[38;2;244;172;44;48;2;183;122;32m▄[38;2;238;166;42;48;2;227;163;33m▄[38;2;222;142;22;48;2;246;168;25m▄[38;2;247;182;42;48;2;227;145;19m▄[38;2;239;171;26;48;2;222;141;16m▄[38;2;150;90;8;48;2;146;75;5m▄[38;2;150;96;6;48;2;79;26;2m▄[38;2;176;138;63;48;2;156;116;55m▄[38;2;240;175;35;48;2;240;160;23m▄[38;2;237;177;46;48;2;241;169;27m▄[38;2;144;93;18;48;2;148;87;13m▄[38;2;166;124;39;48;2;114;63;6m▄[38;2;160;109;21;48;2;90;53;10m▄[38;2;219;172;51;48;2;231;172;42m▄[38;2;220;176;53;48;2;229;172;41m▄[38;2;235;179;73;48;2;252;188;67m▄[38;2;19;3;0;48;2;17;1;0m▄[38;2;89;52;13;48;2;63;34;9m▄[38;2;86;57;19;48;2;126;95;48m▄[38;2;11;3;2;48;2;21;14;9m▄[38;2;123;98;72;48;2;34;6;0m▄[38;2;146;91;8;48;2;65;39;3m▄[38;2;170;110;10;48;2;60;38;3m▄[38;2;146;83;7;48;2;60;37;2m▄[38;2;122;56;5;48;2;56;37;3m▄[38;2;75;39;3;48;2;50;34;2m▄[38;2;35;22;9;48;2;36;20;2m▄[38;2;17;7;6;48;2;19;2;0m▄[38;2;78;66;42;48;2;81;61;30m▄[38;2;116;97;59;48;2;112;89;44m▄[38;2;3;0;0;48;2;4;0;0m▄[38;2;104;56;17;48;2;133;76;16m▄[38;2;233;141;19;48;2;237;150;32m▄[38;2;238;171;43;48;2;230;172;43m▄[38;2;235;172;42;48;2;226;172;43m▄[38;2;238;161;34;48;2;226;171;45m▄[38;2;239;142;13;48;2;240;155;35m▄[38;2;173;145;72;48;2;200;155;59m▄[38;2;15;1;0;48;2;25;4;0m▄[38;2;39;9;0;48;2;21;2;0m▄[38;2;22;5;0;48;2;10;1;0m▄[38;2;8;0;0;48;2;14;0;0m▄[38;2;95;83;62;48;2;15;6;4m▄[38;2;71;37;2;48;2;18;7;3m▄[38;2;91;52;3;48;2;10;6;3m▄[38;2;115;70;6;48;2;9;6;4m▄[38;2;92;48;4;48;2;6;5;4m▄[38;2;88;48;4;48;2;9;6;4m▄[38;2;57;21;2;48;2;5;3;2m▄[38;2;63;24;2;48;2;0;0;0m▄[38;2;108;56;5;48;2;124;102;55m▄[38;2;90;80;54;48;2;93;79;44m▄[38;2;8;3;2;48;2;14;5;2m▄[38;2;166;118;30;48;2;162;115;25m▄[38;2;226;183;61;48;2;227;170;45m▄[38;2;222;186;62;48;2;225;174;43m▄▄[38;2;222;186;62;48;2;226;172;41m▄[38;2;244;170;35;48;2;244;156;30m▄[38;2;48;35;18;48;2;57;41;21m▄[38;2;2;0;0;48;2;1;0;0m▄[38;2;103;60;5;48;2;79;48;21m▄[38;2;189;132;15;48;2;88;48;13m▄[38;2;146;87;9;48;2;31;3;0m▄[38;2;142;89;10;48;2;12;0;0m▄[38;2;94;47;7;48;2;12;1;0m▄[38;2;62;23;3;48;2;32;8;0m▄[38;2;163;109;14;48;2;30;4;0m▄[38;2;164;120;14;48;2;18;0;0m▄[38;2;102;78;33;48;2;4;0;0m▄[38;2;77;50;21;48;2;13;0;0m▄[38;2;6;0;0;48;2;73;62;50m▄[38;2;216;171;51;48;2;222;170;44m▄[38;2;219;184;65;48;2;194;134;23m▄[38;2;206;174;66;48;2;146;96;16m▄[38;2;96;48;0;48;2;114;70;18m▄[49m     [m
[49m    [38;2;202;135;10;49m▄[38;2;176;125;24;48;2;217;113;5m▄[38;2;164;120;30;48;2;218;130;7m▄[38;2;214;176;56;48;2;220;145;10m▄[38;2;211;180;63;48;2;224;151;11m▄[38;2;156;133;80;48;2;222;144;11m▄[38;2;2;0;0;48;2;121;72;11m▄[38;2;23;5;0;48;2;30;14;8m▄[38;2;62;22;1;48;2;26;3;1m▄[38;2;66;17;1;48;2;60;5;0m▄[38;2;51;22;2;48;2;33;1;0m▄[38;2;7;1;0;48;2;26;1;0m▄[38;2;13;1;0;48;2;137;87;16m▄[38;2;24;4;0;48;2;126;78;26m▄[38;2;37;12;2;48;2;249;157;10m▄[38;2;47;22;5;48;2;245;147;13m▄[38;2;50;21;2;48;2;249;151;13m▄[38;2;29;5;0;48;2;228;110;5m▄[38;2;26;3;0;48;2;228;107;6m▄[38;2;5;0;0;48;2;225;99;4m▄[38;2;24;6;1;48;2;139;46;2m▄[38;2;102;62;5;48;2;138;45;4m▄[38;2;180;144;73;48;2;167;99;12m▄[38;2;239;175;47;48;2;242;142;9m▄[38;2;232;182;59;48;2;233;149;9m▄[38;2;140;97;23;48;2;153;65;5m▄[38;2;158;111;7;48;2;176;97;12m▄[38;2;131;88;15;48;2;183;95;8m▄[38;2;215;181;62;48;2;222;153;10m▄[38;2;207;175;67;48;2;224;151;12m▄[38;2;239;191;95;48;2;248;158;15m▄[38;2;17;3;0;48;2;10;0;0m▄[38;2;92;53;15;48;2;84;32;4m▄[38;2;107;74;26;48;2;79;39;6m▄[38;2;29;9;3;48;2;14;2;0m▄[38;2;31;7;0;48;2;129;89;28m▄[38;2;9;2;0;48;2;113;36;3m▄[38;2;0;0;0;48;2;180;78;6m▄[38;2;0;0;0;48;2;134;34;3m▄[38;2;9;0;0;48;2;84;9;1m▄[38;2;7;2;1;48;2;66;10;1m▄[38;2;25;14;8;48;2;44;13;2m▄[38;2;18;7;4;48;2;14;7;1m▄[38;2;77;68;49;48;2;70;56;15m▄[38;2;80;58;42;48;2;120;77;14m▄[38;2;17;8;0;48;2;8;0;0m▄[38;2;17;2;0;48;2;111;61;8m▄[38;2;18;1;0;48;2;155;43;5m▄[38;2;22;0;0;48;2;231;101;6m▄[38;2;7;0;0;48;2;235;99;5m▄[38;2;6;0;0;48;2;181;63;5m▄[38;2;8;0;0;48;2;157;40;4m▄[38;2;20;1;0;48;2;152;102;18m▄[38;2;18;1;0;48;2;21;0;0m▄[38;2;80;31;2;48;2;53;3;0m▄[38;2;105;63;28;48;2;25;2;0m▄[38;2;15;7;4;48;2;3;0;0m▄[38;2;35;8;0;48;2;109;61;14m▄[38;2;12;0;0;48;2;136;31;3m▄[38;2;7;0;0;48;2;188;88;6m▄[38;2;0;0;0;48;2;178;79;6m▄[38;2;0;0;0;48;2;198;105;5m▄[38;2;0;0;0;48;2;117;30;3m▄[38;2;0;0;0;48;2;84;16;1m▄[38;2;113;98;66;48;2;154;59;5m▄[38;2;77;27;6;48;2;154;52;5m▄[38;2;116;106;87;48;2;90;73;15m▄[38;2;17;5;0;48;2;1;1;0m▄[38;2;11;3;0;48;2;157;100;9m▄[38;2;6;0;0;48;2;207;97;9m▄[38;2;2;0;0;48;2;241;136;12m▄[38;2;14;2;0;48;2;249;135;11m▄[38;2;11;0;0;48;2;218;117;12m▄[38;2;5;0;0;48;2;122;35;5m▄[38;2;9;0;0;48;2;14;7;2m▄[38;2;14;6;1;48;2;4;0;0m▄[38;2;102;65;7;48;2;98;37;2m▄[38;2;78;56;19;48;2;209;95;5m▄[38;2;20;4;0;48;2;166;52;4m▄[38;2;7;0;0;48;2;106;19;2m▄[38;2;15;2;0;48;2;153;68;5m▄[38;2;17;2;0;48;2;193;99;7m▄[38;2;15;2;0;48;2;226;131;9m▄[38;2;10;0;0;48;2;214;116;7m▄[38;2;23;4;0;48;2;189;91;7m▄[38;2;22;3;0;48;2;26;13;4m▄[38;2;31;16;2;48;2;12;0;0m▄[38;2;169;132;46;48;2;220;151;10m▄[38;2;212;178;68;48;2;195;134;15m▄[38;2;201;168;59;48;2;202;137;11m▄[38;2;174;131;39;48;2;145;75;5m▄[49m     [m
[49m [38;2;176;106;9;49m▄[38;2;212;152;21;48;2;210;170;57m▄[38;2;216;159;25;48;2;184;139;41m▄[38;2;160;113;35;48;2;214;153;25m▄[38;2;202;146;34;48;2;214;155;27m▄[38;2;200;155;44;48;2;217;161;37m▄[38;2;222;169;37;48;2;224;170;38m▄[38;2;226;173;42;48;2;188;152;50m▄[38;2;208;145;17;48;2;18;13;4m▄[38;2;219;155;25;48;2;50;36;15m▄[38;2;218;151;25;48;2;77;45;17m▄[38;2;218;144;14;48;2;58;12;3m▄[38;2;220;154;26;48;2;112;58;20m▄[38;2;235;172;53;48;2;120;82;32m▄[38;2;218;152;37;48;2;94;69;27m▄[38;2;207;158;56;48;2;124;81;33m▄[38;2;222;147;21;48;2;75;44;18m▄[38;2;236;156;27;48;2;124;76;26m▄[38;2;240;152;22;48;2;133;81;21m▄[38;2;237;152;26;48;2;109;69;23m▄[38;2;219;142;24;48;2;122;72;20m▄[38;2;238;158;31;48;2;115;75;25m▄[38;2;225;147;27;48;2;108;70;24m▄[38;2;229;156;31;48;2;125;77;26m▄[38;2;228;160;33;48;2;175;111;36m▄[38;2;234;168;42;48;2;209;149;44m▄[38;2;231;166;30;48;2;228;160;33m▄[38;2;237;149;18;48;2;227;145;22m▄[38;2;246;140;26;48;2;175;110;31m▄[38;2;234;169;41;48;2;169;123;39m▄[38;2;223;169;41;48;2;194;129;40m▄[38;2;223;171;35;48;2;221;173;45m▄[38;2;230;166;33;48;2;210;173;62m▄[38;2;249;177;52;48;2;252;182;55m▄[38;2;17;1;0;48;2;27;1;0m▄[38;2;58;25;7;48;2;85;36;7m▄[38;2;139;66;13;48;2;175;107;19m▄[38;2;150;59;5;48;2;75;41;4m▄[38;2;135;57;17;48;2;78;43;17m▄[38;2;57;35;17;48;2;62;39;19m▄[38;2;67;38;20;48;2;51;34;20m▄[38;2;96;42;19;48;2;59;38;20m▄[38;2;68;31;17;48;2;49;32;20m▄[38;2;84;17;3;48;2;42;13;4m▄[38;2;111;45;11;48;2;82;39;12m▄[38;2;104;50;20;48;2;77;52;21m▄[38;2;105;40;16;48;2;96;68;22m▄[38;2;121;44;4;48;2;122;55;4m▄[38;2;136;60;8;48;2;109;69;7m▄[38;2;103;39;12;48;2;54;29;12m▄[38;2;105;43;18;48;2;57;34;19m▄[38;2;174;87;22;48;2;89;49;21m▄[38;2;125;51;19;48;2;59;33;20m▄[38;2;128;65;20;48;2;72;40;20m▄[38;2;100;51;18;48;2;82;50;20m▄[38;2;104;45;18;48;2;79;42;20m▄[38;2;68;35;17;48;2;62;36;20m▄[38;2;166;74;14;48;2;125;60;14m▄[38;2;205;104;12;48;2;191;97;13m▄[38;2;191;89;7;48;2;112;71;8m▄[38;2;107;50;11;48;2;101;48;12m▄[38;2;149;72;19;48;2;83;49;19m▄[38;2;109;42;17;48;2;67;41;19m▄[38;2;64;33;17;48;2;59;37;19m▄[38;2;54;27;17;48;2;37;32;20m▄[38;2;41;27;17;48;2;37;31;19m▄[38;2;53;28;16;48;2;46;31;19m▄[38;2;45;28;17;48;2;43;32;20m▄[38;2;132;55;18;48;2;129;93;35m▄[38;2;226;130;16;48;2;97;58;15m▄[38;2;192;85;12;48;2;75;41;12m▄[38;2;101;38;16;48;2;53;34;18m▄[38;2;109;35;17;48;2;43;33;20m▄[38;2;114;35;17;48;2;52;34;19m▄[38;2;87;31;17;48;2;58;34;20m▄[38;2;96;40;20;48;2;49;32;20m▄[38;2;145;55;19;48;2;57;37;20m▄[38;2;192;105;18;48;2;54;35;17m▄[38;2;201;106;12;48;2;108;69;14m▄[38;2;143;46;14;48;2;129;78;25m▄[38;2;169;79;15;48;2;67;36;16m▄[38;2;222;115;7;48;2;18;12;3m▄[38;2;215;139;26;48;2;87;61;21m▄[38;2;213;125;22;48;2;89;57;20m▄[38;2;188;115;33;48;2;94;55;21m▄[38;2;184;130;40;48;2;128;75;24m▄[38;2;246;153;24;48;2;108;78;22m▄[38;2;219;146;25;48;2;98;62;22m▄[38;2;219;157;33;48;2;95;71;28m▄[38;2;170;125;37;48;2;119;90;23m▄[38;2;202;152;51;48;2;208;166;56m▄[38;2;120;77;19;48;2;170;111;15m▄[49;38;2;201;130;8m▀[49m      [m
[49;38;2;154;113;30m▀[49;38;2;216;175;59m▀[49;38;2;210;168;51m▀[49;38;2;221;182;56m▀[49;38;2;219;184;61m▀[49;38;2;220;182;60m▀[49;38;2;208;165;49m▀[49;38;2;189;137;30m▀[49;38;2;187;131;12m▀[49;38;2;213;158;39m▀[49;38;2;218;170;51m▀[49;38;2;200;159;49m▀[49;38;2;219;174;50m▀[49;38;2;226;176;51m▀[49;38;2;195;146;45m▀[49;38;2;222;165;46m▀[49;38;2;166;116;31m▀[49;38;2;231;167;42m▀[49;38;2;232;167;40m▀[49;38;2;230;155;32m▀[49;38;2;213;137;23m▀[49;38;2;227;163;41m▀[49;38;2;226;163;35m▀[49;38;2;237;177;45m▀[49;38;2;222;168;44m▀[49;38;2;183;123;22m▀[49;38;2;178;132;36m▀[49;38;2;212;149;26m▀[49;38;2;238;149;18m▀[49;38;2;223;132;18m▀[49;38;2;210;149;37m▀[49;38;2;216;159;41m▀[38;2;217;143;20;48;2;196;149;44m▄[38;2;191;120;19;48;2;224;175;52m▄[38;2;239;173;43;48;2;227;170;60m▄[38;2;101;43;9;48;2;50;20;1m▄[38;2;60;25;6;48;2;43;16;1m▄[38;2;36;19;5;48;2;19;7;1m▄[38;2;31;20;4;48;2;18;6;0m▄[38;2;37;9;2;48;2;19;3;0m▄[38;2;23;9;3;48;2;5;0;0m▄[38;2;27;12;3;48;2;6;0;0m▄[38;2;21;9;2;48;2;12;1;0m▄[38;2;40;11;4;48;2;15;1;0m▄[38;2;30;8;3;48;2;18;2;0m▄[38;2;24;10;3;48;2;12;3;0m▄[38;2;46;17;3;48;2;8;1;0m▄[38;2;53;22;3;48;2;21;2;0m▄[38;2;44;13;4;48;2;23;3;0m▄[38;2;49;19;4;48;2;23;5;0m▄[38;2;49;21;5;48;2;27;5;0m▄[38;2;90;40;6;48;2;30;5;0m▄[38;2;132;77;8;48;2;79;37;2m▄[38;2;81;32;5;48;2;67;26;2m▄[38;2;30;10;4;48;2;31;9;0m▄[38;2;18;8;4;48;2;8;1;0m▄[38;2;48;11;3;48;2;17;3;0m▄[38;2;38;7;3;48;2;12;2;0m▄[38;2;23;8;3;48;2;21;6;0m▄[38;2;16;8;3;48;2;24;9;1m▄[38;2;15;9;5;48;2;25;7;0m▄[38;2;11;1;0;48;2;11;2;0m▄[38;2;13;0;0;48;2;21;6;0m▄[38;2;21;2;0;48;2;12;1;0m▄[38;2;9;1;0;48;2;3;0;0m▄[38;2;0;0;0;48;2;6;0;0m▄[38;2;0;0;0;48;2;2;0;0m▄▄[38;2;15;10;4;48;2;1;0;0m▄[38;2;181;96;33;48;2;16;4;0m▄[38;2;168;42;5;48;2;205;132;55m▄[38;2;187;55;5;48;2;188;89;19m▄[38;2;154;38;9;48;2;170;72;21m▄[38;2;75;9;2;48;2;177;84;8m▄[49;38;2;119;39;2m▀[49;38;2;97;25;5m▀[49;38;2;148;54;9m▀[49;38;2;170;87;18m▀[49;38;2;218;153;39m▀[49;38;2;198;114;19m▀[49;38;2;157;70;19m▀[49;38;2;126;52;12m▀[49;38;2;199;116;17m▀[49;38;2;213;136;22m▀[49;38;2;198;138;33m▀[49;38;2;207;133;26m▀[49;38;2;215;124;19m▀[49;38;2;209;134;27m▀[49;38;2;217;169;53m▀[49;38;2;217;171;52m▀[49;38;2;183;143;44m▀[49;38;2;220;169;48m▀[49;38;2;124;62;8m▀[49m       [m
[49m                                [38;2;226;153;29;48;2;223;153;34m▄[38;2;214;145;28;48;2;215;158;44m▄[38;2;210;144;32;48;2;185;130;32m▄[38;2;229;162;35;48;2;239;175;49m▄[38;2;234;155;29;48;2;246;162;33m▄[38;2;231;163;36;48;2;244;164;39m▄[38;2;212;151;30;48;2;231;160;33m▄[38;2;208;114;11;48;2;173;108;22m▄[38;2;215;123;17;48;2;185;106;21m▄[38;2;206;108;9;48;2;183;108;23m▄[38;2;216;102;6;48;2;182;93;14m▄[38;2;166;74;3;48;2;154;85;26m▄[38;2;199;91;8;48;2;161;88;20m▄[38;2;215;109;8;48;2;169;97;20m▄[38;2;220;113;7;48;2;222;131;18m▄[38;2;208;107;8;48;2;229;143;20m▄[38;2;218;124;14;48;2;189;116;25m▄[38;2;226;147;23;48;2;220;152;28m▄[38;2;225;154;30;48;2;244;169;38m▄[38;2;230;160;31;48;2;247;169;33m▄[38;2;225;136;23;48;2;235;155;25m▄[38;2;208;120;13;48;2;183;120;27m▄[38;2;136;59;7;48;2;123;71;23m▄[38;2;65;12;1;48;2;87;54;24m▄[38;2;72;7;1;48;2;91;51;21m▄[38;2;37;1;0;48;2;74;47;20m▄[38;2;36;4;1;48;2;69;44;19m▄[38;2;23;7;2;48;2;88;49;21m▄[38;2;6;2;0;48;2;67;54;27m▄[38;2;26;3;0;48;2;22;4;0m▄[38;2;26;5;0;48;2;23;4;0m▄[38;2;24;3;0;48;2;29;5;0m▄[38;2;5;1;0;48;2;6;1;0m▄[38;2;2;0;0;48;2;0;0;0m▄[38;2;41;29;8;48;2;1;0;0m▄[38;2;172;109;28;48;2;33;17;7m▄[38;2;194;96;16;48;2;137;71;25m▄[38;2;203;101;16;48;2;163;65;16m▄[38;2;188;100;18;48;2;188;94;23m▄[38;2;93;19;2;48;2;166;74;18m▄[38;2;67;0;0;48;2;93;21;5m▄[49m                           [m
[49m                                [49;38;2;219;158;36m▀[49;38;2;221;159;34m▀[49;38;2;227;164;45m▀▀[49;38;2;227;164;40m▀[49;38;2;227;170;40m▀[49;38;2;226;168;35m▀[49;38;2;221;119;11m▀[49;38;2;215;134;27m▀[49;38;2;204;117;15m▀[49;38;2;210;108;6m▀[49;38;2;177;78;0m▀[49;38;2;176;74;11m▀[49;38;2;210;108;11m▀[49;38;2;202;107;12m▀[49;38;2;181;96;11m▀[49;38;2;219;134;18m▀[49;38;2;214;151;29m▀[49;38;2;220;156;35m▀[49;38;2;221;170;40m▀[49;38;2;220;151;35m▀[49;38;2;219;130;18m▀[49;38;2;152;83;7m▀[49;38;2;79;18;0m▀[49;38;2;85;11;0m▀[38;2;72;23;3;48;2;57;7;1m▄[38;2;108;42;8;48;2;92;15;3m▄[38;2;26;6;3;48;2;34;7;2m▄[38;2;14;0;0;48;2;10;0;0m▄[38;2;13;0;0;48;2;21;1;0m▄[38;2;21;2;0;48;2;28;2;0m▄[38;2;30;4;0;48;2;36;3;0m▄[38;2;18;8;2;48;2;11;0;0m▄[38;2;249;179;42;48;2;17;9;3m▄[38;2;231;166;42;48;2;221;146;34m▄[38;2;221;169;48;48;2;239;147;24m▄[38;2;168;82;27;48;2;164;64;10m▄[38;2;36;5;0;48;2;175;64;9m▄[49;38;2;71;29;5m▀[49;38;2;32;0;0m▀[49m                            [m
[49m                                                         [38;2;188;105;12;48;2;112;50;4m▄[38;2;221;135;13;48;2;186;91;7m▄[38;2;84;47;4;48;2;64;24;3m▄[38;2;11;0;0;48;2;18;2;0m▄[38;2;19;0;0;48;2;20;0;0m▄[38;2;55;24;9;48;2;15;0;0m▄[38;2;181;103;19;48;2;65;32;5m▄[38;2;233;149;24;48;2;207;130;31m▄[38;2;222;166;41;48;2;231;161;30m▄[38;2;214;155;34;48;2;220;160;37m▄[38;2;167;98;15;48;2;202;127;28m▄[38;2;107;27;0;48;2;111;43;9m▄[49m                               [m
[49m                                                         [38;2;169;88;8;48;2;166;79;8m▄[38;2;219;127;16;48;2;218;135;16m▄[38;2;88;48;7;48;2;84;46;4m▄[38;2;27;6;0;48;2;19;0;0m▄[38;2;242;175;53;48;2;29;11;2m▄[38;2;230;126;10;48;2;172;89;14m▄[38;2;226;143;28;48;2;225;130;19m▄[38;2;210;128;29;48;2;224;162;31m▄[38;2;147;71;5;48;2;215;147;32m▄[49;38;2;175;97;15m▀[49;38;2;170;99;0m▀[49m                                [m
[49m                                                         [38;2;127;60;8;48;2;101;42;5m▄[38;2;229;145;24;48;2;240;131;13m▄[38;2;236;165;45;48;2;117;73;19m▄[38;2;237;159;31;48;2;236;154;25m▄[38;2;235;140;21;48;2;246;144;15m▄[38;2;204;117;23;48;2;228;151;23m▄[38;2;164;101;24;48;2;211;120;16m▄[38;2;137;78;0;48;2;121;47;4m▄[49m                                   [m
[49m                                                         [38;2;172;74;5;48;2;161;86;17m▄[38;2;215;136;9;48;2;216;168;53m▄[38;2;222;149;10;48;2;223;182;57m▄[38;2;219;135;13;48;2;223;181;58m▄[38;2;149;61;8;48;2;212;148;40m▄[49;38;2;131;52;2m▀[49;38;2;90;15;0m▀[49m                                    [m
[49m                                                         [38;2;198;117;19;48;2;209;151;43m▄[38;2;208;139;20;48;2;220;175;57m▄[38;2;155;77;4;48;2;213;171;61m▄[49;38;2;144;87;16m▀[49m                                       [m
[49m                                                         [38;2;44;9;0;48;2;150;74;17m▄[49;38;2;175;112;30m▀[49;38;2;119;51;0m▀[49m                                        [m
